image: big_apartment.pgm
resolution: 0.050000
origin: [-15.007768, -8.619847, 0.000000]
negate: 0
occupied_thresh: 0.65
free_thresh: 0.196

